0.0
0.0
0.0
0.0
0.0
0.0
0.0
0.0
0.0
0.0
0.0
0.0
0.0
0.0
0.0
0.0
0.0
0.0
0.0
0.0
0.0
0.0
0.0
0.0
0.0
0.0
0.0
0.0
0.0
0.0
0.0
0.0
0.0
0.0
0.0
0.0
0.0
0.0
0.0
0.0
0.0
0.0
0.0
0.0
0.0
0.0
0.0
0.0
0.0
0.0
0.0
0.0
0.0
0.0
0.0
0.0
0.0
0.0
0.0
0.0
0.0
0.0
0.0
0.0
0.0
0.0
0.0
0.0
0.0
0.0
0.0
0.0
0.0
0.0
0.0
0.0
0.0
0.0
0.0
0.0
0.0
0.0
0.0
0.0
0.0
0.0
0.0
0.0
0.0
0.0
0.0
0.0
0.0
0.0
0.0
0.0
0.0
0.0
0.0
0.0
0.0
0.0
0.0
0.0
0.0
0.0
0.0
0.0
0.0
0.0
0.0
0.0
0.0
0.0
0.0
0.0
0.0
0.0
0.0
0.0
0.0
0.0
0.0
0.0
0.0
0.0
0.0
0.0
0.0
0.0
0.0
0.0
0.0
0.0
0.0
0.0
0.0
0.0
0.0
0.0
0.0
0.0
0.0
0.0
0.0
0.0
0.0
0.0
0.0
0.0
0.0
0.0
0.0
0.0
0.0
0.0
0.0
0.0
0.0
0.0
0.0
0.0
0.0
0.0
0.0
0.0
0.0
0.0
0.0
0.0
0.0
0.0
0.0
0.0
0.0
0.0
0.0
0.0
0.0
0.0
0.0
0.0
0.0
0.0
0.0
0.0
0.0
0.0
0.0
0.0
0.0
0.0
0.0
0.0
0.0
0.0
0.0
0.0
0.0
0.0
0.0
0.0
0.0
0.0
0.0
0.0
0.0
0.0
0.0
0.0
0.0
0.0
0.0
0.0
0.0
0.0
0.0
0.0
0.0
0.0
0.0
0.0
0.0
0.0
0.0
0.0
0.0
0.0
0.0
0.0
0.0
0.0
0.0
0.0
0.0
0.0
0.0
0.0
0.0
0.0
0.0
0.0
0.0
0.0
0.0
0.0
0.0
0.0
0.0
0.0
0.0
0.0
0.0
0.0
0.0
0.0
0.0
0.0
0.0
0.0
0.0
0.0
0.0
0.0
0.0
0.0
0.0
0.0
0.0
0.0
0.0
0.0
0.0
0.0
0.0
0.0
0.0
0.0
0.0
0.0
0.0
0.0
0.0
0.0
0.0
0.0
0.0
0.0
0.0
0.0
0.0
0.0
0.0
0.0
0.0
0.0
0.0
0.0
0.0
0.0
0.0
0.0
0.0
0.0
0.0
0.0
0.0
0.0
0.0
0.0
0.0
0.0
0.0
0.0
0.0
0.0
0.0
0.0
0.0
0.0
0.0
0.0
0.0
0.0
0.0
0.0
0.0
0.0
0.0
0.0
0.0
0.0
0.0
0.0
0.0
0.0
0.0
0.0
0.0
0.0
0.0
0.0
0.0
0.0
0.0
0.0
0.0
0.0
0.0
0.0
0.0
0.0
0.0
0.0
0.0
0.0
0.0
0.0
0.0
0.0
0.0
0.0
0.0
0.0
0.0
0.0
0.0
0.0
0.0
0.0
0.0
0.0
0.0
0.0
0.0
0.0
0.0001593365589919113
0.0006088193198752776
0.0006088193198752776
0.00164684795074919
0.002983738458184588
0.004622640713945737
0.006566666903617543
0.006407330344625632
0.008521066841290928
0.011398093042873852
0.013553508278693236
0.01572893846291468
0.017923543644698423
0.020136377543365957
0.02461861916344694
0.02686492287429166
0.023987896672708734
0.02626376360768379
0.028553043920996782
0.030854894397731057
0.026698034309391716
0.022215792689310735
0.01740626972091736
0.024889649857542807
0.027243610707519454
0.02960620175774356
0.03197693090637175
0.040825837476777746
0.05001844176051215
0.059555579372899944
0.06195466567087663
0.06435994822203824
0.06677112292984962
0.05826503586694226
0.06068717068754681
0.06311441268953781
0.06554653634013392
0.06798333211178778
0.05775477790898119
0.060200344131434165
0.07357290580582897
0.07602655822626873
0.07848402363512916
0.08094516121429413
0.0834098379694268
0.09854775527740073
0.10101914195323543
0.10349371278688732
0.10597136196174431
0.10845198910221937
0.11093549861152727
0.1134218002352997
0.11591080727092193
0.10041848760962892
0.1029126615796008
0.10540930410570291
0.10790834284111414
0.09099443448965733
0.09349805977366889
0.09600388084039112
0.11649578537653861
0.11900581445077754
0.10734844921644197
0.10986245526779902
0.13179364165174587
0.13431140845370398
0.11417866304338561
0.11669998656261746
0.11922301553463542
0.11218139525656154
0.09061041163473241
0.09313828011332292
0.09566767289100456
0.12085086287385693
0.12338317791587174
0.12591689218659563
0.12591689218659563
0.152550569273088
0.15508824351306616
0.15762716084372178
0.16016728388207185
0.13462174078467765
0.1371641651435669
0.16597847832150367
0.16852306126173255
0.17106867106902968
0.17361527337479787
0.1761628342127816
0.2067981550405166
0.20934753277811985
0.21189776933089338
0.21444883211685434
0.21700068884782736
0.21955330751337304
0.18928243365418684
0.1918364809345996
0.19439119586014872
0.16302664612943843
0.1655826028531389
0.13348840721235322
0.13604548300016087
0.17142729543023774
0.17398536889023736
0.1765438957846549
0.21302274741926877
0.21558209200738046
0.25279252798579016
0.2177762884472007
0.2203366370384027
0.22289726132344664
0.18678413861198806
0.18934522652801347
0.191906502257369
0.19446793661767683
0.23460578347429842
0.2371674477164301
0.2397291832777639
0.2809649544445554
0.2835267452709357
0.2632097479585279
0.2657714784588634
0.2683331351538454
0.22782930989043482
0.2303907319048792
0.23295199301678654
0.23551306415803513
0.2609526885948011
0.22302754762008095
0.22558787390973015
0.27121327277718316
0.22778204934821372
0.23034136817859333
0.2329002925555379
0.18837176557732976
0.23141555760792584
0.23397312213911886
0.23653017417408492
0.2850775913827889
0.23872124027371042
0.24127657635751387
0.2909183081812649
0.29347235073541583
0.24565495636296997
0.24820758487105704
0.25075946091138246
0.302222843049287
0.30477312273310053
0.3073225583015706
0.30987111872769885
0.3627895183715154
0.3120544389610092
0.3146001887765896
0.3171449393172171
0.3196886591560615
0.2709759654924691
0.27351752932740037
0.2760579673247163
0.33187904468575413
0.3344171348270913
0.2804090021485593
0.2829446151437063
0.27946614141507753
0.23681330968449057
0.23934496142445832
0.24187522697150163
0.24440407273648612
0.30347646567995823
0.3060023711094563
0.365794906101453
0.41350357230562046
0.4160248124378778
0.41854442849679546
0.4210623860211353
0.4235786500965587
0.3696216370049076
0.3098291020129109
0.31234007411541537
0.3148492109536923
0.31735647675318834
0.2561265402579171
0.258629954528247
0.31760293666850764
0.31760293666850764
0.2998529162003595
0.29583580823005495
0.2983289465549363
0.36455521185866013
0.3004631405694348
0.30294966007944607
0.3401355974928773
0.3628648923442141
0.37185682045736873
0.37433397048040784
0.3768086788818478
0.4458617412838272
0.4483314460920497
0.4809016091039918
0.4833661472329406
0.4153704607384559
0.4178296666635187
0.34912869295835486
0.3515823988862102
0.3540332908873971
0.35648132598471743
0.358926460869458
0.43182623126266645
0.4342654344452267
0.507859056130673
0.5102921500489604
0.5127221223094159
0.5151489272852133
0.5175725192207569
0.5199928519930513
0.44674592977101296
0.4491596043523737
0.4515698791478106
0.4539767062877236
0.4563800379769886
0.4587798257915858
0.4611760209088135
0.5392325234362242
0.5416213850694269
0.5440065050961559
0.5463878332760571
0.5487653184910531
0.5511389094247829
0.5535085543292285
0.5558742010195888
0.5582357968682692
0.5605932888020441
0.5629466230683636
0.5652957461411041
0.5676406033546789
0.4875546601675029
0.48989082047382093
0.49222254878721106
0.49454978877799854
0.4968724836321707
0.49919057582017146
0.45730169185129316
0.45730169185129316
0.4596056279331319
0.4619047273748545
0.464198930355871
0.4664881765388713
0.3824092038753774
0.4288906694934447
0.4288906694934447
0.4311594748185231
0.43342301373644393
0.3477088217605775
0.34996163669983454
0.34996163669983454
0.35220346887575793
0.44144891341934506
0.44367950020971736
0.44590436413645856
0.5360958386731417
0.5383090538691498
0.629126899489975
0.6313281913986849
0.6335234170224451
0.6357125061634324
0.6037303222388867
0.5341292833444338
0.446208887740955
0.4483727148023092
0.4505300442688301
0.4526808022854362
0.45482491396825675
0.39693011354433794
0.47083834746987213
0.5630527126653405
0.5651694797426572
0.5672792177019681
0.5693818478832061
0.5714772915988275
0.5714772915988275
0.5735581221397164
0.5756315248851773
0.5776974181691523
0.5797557196796255
0.5818063464563015
0.5838492146886786
0.5838492146886786
0.4872697145800254
0.39379558660090047
0.39580657234703137
0.3978093719383206
0.399803897859369
0.4017900621328972
0.5020882347436504
0.5611049409623641
0.6585586972570241
0.5752404909624128
0.5771835008779449
0.47744428981502884
0.4793693980198021
0.48128541581024487
0.5247513149272045
0.5266488695954832
0.6040929299322374
0.6059716404972815
0.6059716404972815
0.6078311212108076
0.609680840817622
0.6115207008836564
0.6133506027418365
0.6248845957385811
0.5807356477197088
0.592338586101397
0.48853468241638437
0.3844707724083741
0.28014830700666615
0.17556875151384557
0.07073358568535602
0.0991381351889101
0.19460184375644846
0.25572308337355065
0.36326808871964894
0.4710497924361754
0.4710497924361754
0.5792998545504086
0.538719505942746
0.5403644582294084
0.5881829896218875
0.5898041750384801
0.5914133141389708
0.7010270255885547
0.7026117443741504
0.7657109315425367
0.6569993323066475
0.5480595612970663
0.4388933705343753
0.4404151140189893
0.4419239304914361
0.3320891495916073
0.333571777967989
0.4267420301233942
0.4267420301233942
0.5388852900429192
0.5403142030677203
0.4944521035861776
0.6071840468095714
0.5321093146004328
0.5520532966550858
0.6653555790354512
0.5718739904293846
0.5732045957778105
0.6217980144151132
0.6230995270900777
0.7008485109315149
0.7021204865216909
0.7033775276510835
0.7994460972420127
0.8006729390138206
0.8018845166032593
0.8030807208762
0.8042614432500457
0.8054265754032374
0.8065760096420207
0.8077096388248411
0.8088273564009557
0.8099290564475311
0.8110146337069963
0.8120839835179612
0.6965326415645352
0.6975692261456571
0.6985892743433693
0.6995926848126895
0.7005793571102489
0.7015491917339702
0.7025020901642012
0.8200423155195984
0.8209610500393472
0.8218625591055544
0.822746748532834
0.8236135253220944
0.8244627977010546
0.806318778954358
0.8071327723792426
0.8079289938428472
0.808707356888503
0.809467776489209
0.810210169087811
0.7259909923841993
0.7456727825981535
0.7463606080754079
0.747030087820905
0.6284662974241216
0.6290988606215081
0.6297128563921591
0.6898747851524472
0.6904514367148377
0.6410682134896363
0.6416072539779905
0.7613422423849542
0.7618434200968387
0.7623255769842888
0.7881655455297869
0.7886094919228126
0.7471773232166816
0.747582847793056
0.7479690875315731
0.6281706631022155
0.6285181959892285
0.6288463112975521
0.6291549692333435
0.7212421634889028
0.7215117963577805
0.72176186608344
0.8421576749468634
0.842368528907544
0.8425597348893692
0.8427312693211565
0.8428831110146395
0.7335984931539422
0.613227195282802
0.6133198556206695
0.6133927625234074
0.4929563761976385
0.38537563131374436
0.38538923295863514
0.45843308253671583
0.5788908343976281
0.5788451145943885
0.5787796287791347
0.6991839155957691
0.8066930440933231
0.806568317771219
0.8427905966959675
0.8426264488893398
0.8424426192369162
0.8422391301757549
0.8420160064987053
0.8417732754133771
0.8415109664466064
0.8412291114530249
0.8409277445968659
0.8406069023324475
0.8402666233829058
0.8399069487467592
0.839527921592215
0.8391295873128263
0.8387119934762555
0.8382751897974504
0.8378192281112531
0.7879181916105963
0.7874240776949967
0.6676650045392889
0.6671329704860126
0.6665820683583863
0.6660123620756873
0.6654239174575063
0.7142427729223605
0.7136170565735013
0.8322187794971113
0.8315560765022704
0.8308749915394374
0.830175601080068
0.8294579832401415
0.8287222177418839
0.7100205595029043
0.7092487441495581
0.7084590295493302
0.7076515014543634
0.7068262470245454
0.7059833547863247
0.7051229145925569
0.7051229145925569
0.7042276530575524
0.7033151206751517
0.7023854121953801
0.7014386234902159
0.7004748515132678
0.6994941942583149
0.8155666800796559
0.8145525503003798
0.8135218350627736
0.696865020923872
0.580350727281602
0.5792708693820432
0.5306522242233395
0.5295401240351097
0.5284120606914842
0.5272681403911871
0.6417180851333913
0.7559934854850535
0.7548026374963848
0.8011189767221982
0.7998973846672668
0.7986605842989518
0.7974086852951494
0.6829587405529451
0.6816769745688437
0.6803804409761666
0.6790692506720326
0.6777435147769103
0.6764033446019266
0.6750488516186138
0.7868632045644685
0.7854804008615692
0.7840836094282974
0.7826729420800009
0.7812485106466964
0.7589321618295232
0.7574805376410505
0.756015484678035
0.7545371147001769
0.7530455390787261
0.7515408691823661
0.7339205056251995
0.7532682457278261
0.7517249594768753
0.7501690225724331
0.7486005451938418
0.7470196375579994
0.7301674209089434
0.6367991582163571
0.6351816171964557
0.6335520830879707
0.631910664321565
0.6302574691042175
0.6285926049394293
0.6421751674395747
0.748352820677337
0.7466535912742086
0.7449431193073214
0.7432215102410379
0.7414888690612346
0.7397453002642718
0.7379909080082077
0.7362257956105708
0.7344500660277742
0.7326638216825884
0.7308671644555309
0.7290601956744247
0.7272430161066167
0.7254157257712874
0.7235784244672534
0.7217312112324603
0.7198741845139224
0.7180074421621397
0.6151745118565803
0.6132886293692814
0.6113933213369782
0.6094886828023025
0.6075748087340621
0.6056517932879598
0.6037197299889906
0.7027352812960962
0.7007854003294925
0.6988267482711984
0.6968594162788835
0.6948834944948614
0.6928990726014864
0.6909062396330031
0.6889050839753936
0.6868956933638026
0.6848781548829618
0.6828525547706181
0.6808189790067799
0.5959652901342714
0.5939160178138745
0.5918590232866652
0.5897943897351585
0.5877221996927876
0.5856425352430774
0.5835554774289534
0.664273329231984
0.6621717256281195
0.5666760766814374
0.5645602447392969
0.5624374159995223
0.5603076678626504
0.5581710770986014
0.5560277200501095
0.553877672028184
0.645107899758749
0.6429446938354373
0.6407750197469705
0.6385989505299366
0.6364165586101957
0.634227915593389
0.63203309290459
0.6298321611576034
0.6276251903692496
0.6254122499640631
0.6231934087763804
0.6209687350555094
0.6187382966829109
0.6165021603224082
0.6142603927099244
0.6120130597954717
0.609760226964783
0.6075019590448095
0.6052383203062999
0.6029693744694233
0.6006951849230979
0.5139076565520032
0.5116231665078173
0.5093336188211048
0.4813706922974635
0.4790712118956821
0.4767668553768493
0.47445768199130806
0.556651908454671
0.5543332781669069
0.552010006613834
0.5753505334824435
0.5730181512914481
0.5706812987509617
0.5683400320870772
0.5146733087754197
0.5123233792940134
0.4307962184346875
0.4284378447121987
0.42607532959707534
0.42370872630116146
0.42133808758797026
0.470284563605235
0.4679060108093221
0.4679060108093221
0.46551974949911007
0.4631297100332404
0.4607359425857077
0.45833849691453876
0.455937422366744
0.4535327676527537
0.5279151311770403
0.5255034618153226
0.4493984431485954
0.4469799501488344
0.44455811599193723
0.44213298727992434
0.36740511136773574
0.3649735318572812
0.3625387953729832
0.43379086085145285
0.36044787112011895
0.3580039330921567
0.3555570165047549
0.42540666419815665
0.42295392159630324
0.4204983306312069
0.4180399340370798
0.4864808485634181
0.4840169676142849
0.48155040730169485
0.47908120908219254
0.4766094138654297
0.4741350627349255
0.4716581962344527
0.4691788546127675
0.4666970778253484
0.4642129055398254
0.46172637714134335
0.4592375319726485
0.45674640862524796
0.4542530454161563
0.45175748087398765
0.4492597530251211
0.44675989963539614
0.44425795821538944
0.44175396602227
0.43924796006543043
0.4367399773504406
0.4342300541623919
0.43171822679012267
0.4292045312882658
0.4266890034823651
0.4241716789739873
0.42165259314206244
0.4191317809067016
0.4166092774572709
0.41408511752966803
0.41155933565480873
0.4090319661598903
0.40650304317341374
0.4039726006268227
0.40144067250193005
0.398907291864783
0.3963724923260187
0.39383630707194117
0.39129876910995204
0.388759911273493
0.38621976622701537
0.3836783664675533
0.3811357445736319
0.37859193247510636
0.37604696218972905
0.37350086558427104
0.37095367437611665
0.3684054201382195
0.365856134300703
0.3633058479104292
0.3607545923725665
0.3582023987149106
0.3556492978394698
0.35309532052368536
0.35054049742551435
0.3479848590884893
0.34542843618847346
0.34287125880338365
0.29279381204328797
0.24308146513158452
0.1937343301534353
0.19117443577489251
0.142558043609361
0.09430717370571441
0.046421920912291574
0.09137933239820016
0.13597046407033112
0.18019526332075975
0.17763176080150347
0.22112375406906914
0.26424928210400256
0.3070083089547192
0.2620508974688106
0.2594856987788202
0.21526089952839159
0.21269522645175834
0.16997300729688827
0.13720327264866886
0.13463710574217397
0.1744633260837073
0.1718969749213078
0.21098992393549174
0.20842350444440774
0.24601344673368356
0.273650778247082
0.2710844737839498
0.2312582534424165
0.22869217119728025
0.2261262436315589
0.2235604999384401
0.22099496936999594
0.18300184446988355
0.1804368281743071
0.21513212549412522
0.21256774111664697
0.2100037172626708
0.20744008369999326
0.20487687031542323
0.23774194389541334
0.23517966104635848
0.2004843637265404
0.19792313288184699
0.1953624737861759
0.19280241701766387
0.15957144456870667
0.12670637098871657
0.12414830894846814
0.12414830894846814
0.09238042459603489
0.08982464277352685
0.08726968596926866
0.11538713607376731
0.1431402429722143
0.1405879590124659
0.1676128244558675
0.19427380176830744
0.16542724509200007
0.16287900193315513
0.16033185713937853
0.15778584694128173
0.15524100812208974
0.15269737805028455
0.15015499471847643
0.17391114789154338
0.1713713749540843
0.16883296664266825
0.16629596411520567
0.16376040913990347
0.16122634439312455
0.15869381352104134
0.1561628612058291
0.15363353323330675
0.13060163623400078
0.12807569934642649
0.12555153156354956
0.1133982817743568
0.09181221866580826
0.08929367056131599
0.06842907963339087
0.08641879547171799
0.06627463818640471
0.04649028942731436
0.036696368591689586
0.036696368591689586
0.03419299269346102
0.050040079095841676
0.04754165249768622
0.06267755080522179
0.07745847776899116
0.09188486776629218
0.10595717002554572
0.10347257285200287
0.1009910255622514
0.09851263472052335
0.09603751288248913
0.08125658591871977
0.07878836664215404
0.076323795509681
0.07386301484860262
0.07140617618482628
0.06895344109487238
0.06650498214562822
0.07637017713798197
0.07393083718647146
0.0714963679262793
0.0690669973786753
0.06664297093024112
0.06422455302464443
0.06181202902730258
0.059405707502117475
0.05700592152496135
0.054613032512763914
0.052227431952347164
0.04984954448702598
0.041707799084132934
0.03934675977520451
0.036994937705724484
0.03465292225046669
0.032321351720564294
0.03000091703172147
0.027692363887715375
0.03116852608910374
0.028886197863637567
0.023779146465948933
0.021526682900762907
0.01929062634032997
0.017071989450834466
0.014871773573381082
0.012690925618513826
0.010530275627223567
0.010530275627223567
0.00841156939496194
0.006313789647082425
0.004409933312928841
0.0028119157992908643
0.0015166015527697569
0.0005208255555392886
0.0005208255555392886
0.00011496601617605278
0.0
0.0
0.0
0.0
0.0
0.0
0.0
0.0
0.0
0.0
0.0
0.0
0.0
0.0
0.0
0.0
0.0
0.0
0.0
0.0
0.0
0.0
0.0
0.0
0.0
0.0
0.0
0.0
0.0
0.0
0.0
0.0
0.0
0.0
0.0
0.0
0.0
0.0
0.0
0.0
0.0
0.0
0.0
0.0
0.0
0.0
0.0
0.0
0.0
0.0
0.0
0.0
0.0
0.0
0.0
0.0
0.0
0.0
0.0
0.0
0.0
0.0
0.0
0.0
0.0
0.0
0.0
0.0
0.0
0.0
0.0
0.0
0.0
0.0
0.0
0.0
0.0
0.0
0.0
0.0
0.0
0.0
0.0
0.0
0.0
0.0
0.0
0.0
0.0
0.0
0.0
0.0
0.0
0.0
0.0
0.0
0.0
0.0
0.0
0.0
0.0
0.0
0.0
0.0
0.0
0.0
0.0
0.0
0.0
0.0
0.0
0.0
0.0
0.0
0.0
0.0
0.0
0.0
0.0
0.0
0.0
0.0
0.0
0.0
0.0
0.0
0.0
0.0
0.0
0.0
0.0
0.0
0.0
0.0
0.0
0.0
0.0
0.0
0.0
0.0
0.0
0.0
0.0
0.0
0.0
0.0
0.0
0.0
0.0
0.0
0.0
0.0
0.0
0.0
0.0
0.0
0.0
0.0
0.0
0.0
0.0
0.0
0.0
0.0
0.0
0.0
0.0
0.0
0.0
0.0
0.0
0.0
0.0
0.0
0.0
0.0
0.0
0.0
0.0
0.0
0.0
0.0
0.0
0.0
0.0
0.0
0.0
0.0
0.0
0.0
0.0
0.0
0.0
0.0
0.0
0.0
0.0
0.0
0.0
0.0
0.0
0.0
0.0
0.0
0.0
0.0
0.0
0.0
0.0
0.0
0.0
0.0
0.0
0.0
0.0
0.0
0.0
0.0
0.0
