   0.39654
   0.35785
   0.32187
   0.29064
   0.26417
   0.24460
   0.23080
   0.22186
   0.21597
   0.21224
   0.20964
   0.20862
   0.20704
   0.20545
   0.20432
   0.20274
   0.20274
   0.20330
   0.20545
   0.20806
   0.21179
   0.21654
   0.22819
   0.25252
   0.29540
   0.36000
   0.43840
   0.51884
   0.59034
   0.64374
   0.68028
   0.70257
   0.71366
   0.71682
   0.71366
   0.70460
   0.69193
   0.67609
   0.65969
   0.64329
   0.63005
   0.62100
   0.61523
   0.61251
   0.61251
   0.61466
   0.61941
   0.62846
   0.64329
   0.66388
   0.68616
   0.70415
   0.71366
   0.71049
   0.69725
   0.67768
   0.65652
   0.63638
   0.61840
   0.60199
   0.58604
   0.57122
   0.55855
   0.54791
   0.54214
   0.54101
   0.54633
   0.55911
   0.58185
   0.61410
   0.65483
   0.70200
   0.75337
   0.80677
   0.85869
   0.90632
   0.94717
   0.97783
   0.99638
   1.00000
   0.98688
   0.95667
   0.91424
   0.86775
   0.82374
   0.78832
   0.75914
   0.73266
   0.70517
   0.67338
   0.63797
   0.59984
   0.55957
   0.51884
   0.47754
   0.43681