0.3149
0.3149
0.3149
0.3149
0.3149
0.3149
0.3149
0.3149
0.3149
0.3149
0.3149
0.3149
0.3149
0.3149
0.3149
0.3037
0.3037
0.3037
0.3037
0.3037
0.3037
0.3037
0.3037
0.3037
0.3037
0.3037
0.3037
0.3037
0.3037
0.3037
0.2916
0.2916
0.2916
0.2916
0.2916
0.2916
0.2916
0.2916
0.2916
0.2916
0.2916
0.2916
0.2916
0.2916
0.2916
0.2791
0.2791
0.2791
0.2791
0.2791
0.2791
0.2791
0.2791
0.2791
0.2791
0.2791
0.2791
0.2791
0.2791
0.2791
0.2683
0.2683
0.2683
0.2683
0.2683
0.2683
0.2683
0.2683
0.2683
0.2683
0.2683
0.2683
0.2683
0.2683
0.2683
0.2592
0.2592
0.2592
0.2592
0.2592
0.2592
0.2592
0.2592
0.2592
0.2592
0.2592
0.2592
0.2592
0.2592
0.2592
0.2521
0.2521
0.2521
0.2521
0.2521
0.2521
0.2521
0.2521
0.2521
0.2521
0.2521
0.2521
0.2521
0.2521
0.2521
0.2463
0.2463
0.2463
0.2463
0.2463
0.2463
0.2463
0.2463
0.2463
0.2463
0.2463
0.2463
0.2463
0.2463
0.2463
0.2408
0.2408
0.2408
0.2408
0.2408
0.2408
0.2408
0.2408
0.2408
0.2408
0.2408
0.2408
0.2408
0.2408
0.2408
0.2359
0.2359
0.2359
0.2359
0.2359
0.2359
0.2359
0.2359
0.2359
0.2359
0.2359
0.2359
0.2359
0.2359
0.2359
0.2313
0.2313
0.2313
0.2313
0.2313
0.2313
0.2313
0.2313
0.2313
0.2313
0.2313
0.2313
0.2313
0.2313
0.2313
0.2275
0.2275
0.2275
0.2275
0.2275
0.2275
0.2275
0.2275
0.2275
0.2275
0.2275
0.2275
0.2275
0.2275
0.2275
0.2255
0.2255
0.2255
0.2255
0.2255
0.2255
0.2255
0.2255
0.2255
0.2255
0.2255
0.2255
0.2255
0.2255
0.2255
0.225
0.225
0.225
0.225
0.225
0.225
0.225
0.225
0.225
0.225
0.225
0.225
0.225
0.225
0.225
0.2271
0.2271
0.2271
0.2271
0.2271
0.2271
0.2271
0.2271
0.2271
0.2271
0.2271
0.2271
0.2271
0.2271
0.2271
0.2321
0.2321
0.2321
0.2321
0.2321
0.2321
0.2321
0.2321
0.2321
0.2321
0.2321
0.2321
0.2321
0.2321
0.2321
0.2408
0.2408
0.2408
0.2408
0.2408
0.2408
0.2408
0.2408
0.2408
0.2408
0.2408
0.2408
0.2408
0.2408
0.2408
0.2533
0.2533
0.2533
0.2533
0.2533
0.2533
0.2533
0.2533
0.2533
0.2533
0.2533
0.2533
0.2533
0.2533
0.2533
0.2679
0.2679
0.2679
0.2679
0.2679
0.2679
0.2679
0.2679
0.2679
0.2679
0.2679
0.2679
0.2679
0.2679
0.2679
0.2829
0.2829
0.2829
0.2829
0.2829
0.2829
0.2829
0.2829
0.2829
0.2829
0.2829
0.2829
0.2829
0.2829
0.2829
0.2953
0.2953
0.2953
0.2953
0.2953
0.2953
0.2953
0.2953
0.2953
0.2953
0.2953
0.2953
0.2953
0.2953
0.2953
0.3045
0.3045
0.3045
0.3045
0.3045
0.3045
0.3045
0.3045
0.3045
0.3045
0.3045
0.3045
0.3045
0.3045
0.3045
0.3107
0.3107
0.3107
0.3107
0.3107
0.3107
0.3107
0.3107
0.3107
0.3107
0.3107
0.3107
0.3107
0.3107
0.3107
0.3149
0.3149
0.3149
0.3149
0.3149
0.3149
0.3149
0.3149
0.3149
0.3149
0.3149
0.3149
0.3149
0.3149
0.3149
0.3186
0.3186
0.3186
0.3186
0.3186
0.3186
0.3186
0.3186
0.3186
0.3186
0.3186
0.3186
0.3186
0.3186
0.3186
0.3232
0.3232
0.3232
0.3232
0.3232
0.3232
0.3232
0.3232
0.3232
0.3232
0.3232
0.3232
0.3232
0.3232
0.3232
0.3299
0.3299
0.3299
0.3299
0.3299
0.3299
0.3299
0.3299
0.3299
0.3299
0.3299
0.3299
0.3299
0.3299
0.3299
0.3407
0.3407
0.3407
0.3407
0.3407
0.3407
0.3407
0.3407
0.3407
0.3407
0.3407
0.3407
0.3407
0.3407
0.3407
0.3577
0.3577
0.3577
0.3577
0.3577
0.3577
0.3577
0.3577
0.3577
0.3577
0.3577
0.3577
0.3577
0.3577
0.3577
0.3823
0.3823
0.3823
0.3823
0.3823
0.3823
0.3823
0.3823
0.3823
0.3823
0.3823
0.3823
0.3823
0.3823
0.3823
0.4176
0.4176
0.4176
0.4176
0.4176
0.4176
0.4176
0.4176
0.4176
0.4176
0.4176
0.4176
0.4176
0.4176
0.4176
0.4655
0.4655
0.4655
0.4655
0.4655
0.4655
0.4655
0.4655
0.4655
0.4655
0.4655
0.4655
0.4655
0.4655
0.4655
0.5287
0.5287
0.5287
0.5287
0.5287
0.5287
0.5287
0.5287
0.5287
0.5287
0.5287
0.5287
0.5287
0.5287
0.5287
0.6069
0.6069
0.6069
0.6069
0.6069
0.6069
0.6069
0.6069
0.6069
0.6069
0.6069
0.6069
0.6069
0.6069
0.6069
0.6913
0.6913
0.6913
0.6913
0.6913
0.6913
0.6913
0.6913
0.6913
0.6913
0.6913
0.6913
0.6913
0.6913
0.6913
0.7704
0.7704
0.7704
0.7704
0.7704
0.7704
0.7704
0.7704
0.7704
0.7704
0.7704
0.7704
0.7704
0.7704
0.7704
0.8319
0.8319
0.8319
0.8319
0.8319
0.8319
0.8319
0.8319
0.8319
0.8319
0.8319
0.8319
0.8319
0.8319
0.8319
0.8673
0.8673
0.8673
0.8673
0.8673
0.8673
0.8673
0.8673
0.8673
0.8673
0.8673
0.8673
0.8673
0.8673
0.8673
0.8823
0.8823
0.8823
0.8823
0.8823
0.8823
0.8823
0.8823
0.8823
0.8823
0.8823
0.8823
0.8823
0.8823
0.8823
0.8844
0.8844
0.8844
0.8844
0.8844
0.8844
0.8844
0.8844
0.8844
0.8844
0.8844
0.8844
0.8844
0.8844
0.8844
0.8823
0.8823
0.8823
0.8823
0.8823
0.8823
0.8823
0.8823
0.8823
0.8823
0.8823
0.8823
0.8823
0.8823
0.8823
0.8827
0.8827
0.8827
0.8827
0.8827
0.8827
0.8827
0.8827
0.8827
0.8827
0.8827
0.8827
0.8827
0.8827
0.8827
0.8864
0.8864
0.8864
0.8864
0.8864
0.8864
0.8864
0.8864
0.8864
0.8864
0.8864
0.8864
0.8864
0.8864
0.8864
0.8927
0.8927
0.8927
0.8927
0.8927
0.8927
0.8927
0.8927
0.8927
0.8927
0.8927
0.8927
0.8927
0.8927
0.8927
0.9018
0.9018
0.9018
0.9018
0.9018
0.9018
0.9018
0.9018
0.9018
0.9018
0.9018
0.9018
0.9018
0.9018
0.9018
0.9118
0.9118
0.9118
0.9118
0.9118
0.9118
0.9118
0.9118
0.9118
0.9118
0.9118
0.9118
0.9118
0.9118
0.9118
0.9201
0.9201
0.9201
0.9201
0.9201
0.9201
0.9201
0.9201
0.9201
0.9201
0.9201
0.9201
0.9201
0.9201
0.9201
0.9235
0.9235
0.9235
0.9235
0.9235
0.9235
0.9235
0.9235
0.9235
0.9235
0.9235
0.9235
0.9235
0.9235
0.9235
0.9172
0.9172
0.9172
0.9172
0.9172
0.9172
0.9172
0.9172
0.9172
0.9172
0.9172
0.9172
0.9172
0.9172
0.9172
0.8998
0.8998
0.8998
0.8998
0.8998
0.8998
0.8998
0.8998
0.8998
0.8998
0.8998
0.8998
0.8998
0.8998
0.8998
0.8727
0.8727
0.8727
0.8727
0.8727
0.8727
0.8727
0.8727
0.8727
0.8727
0.8727
0.8727
0.8727
0.8727
0.8727
0.8399
0.8399
0.8399
0.8399
0.8399
0.8399
0.8399
0.8399
0.8399
0.8399
0.8399
0.8399
0.8399
0.8399
0.8399
0.8045
0.8045
0.8045
0.8045
0.8045
0.8045
0.8045
0.8045
0.8045
0.8045
0.8045
0.8045
0.8045
0.8045
0.8045
0.7696
0.7696
0.7696
0.7696
0.7696
0.7696
0.7696
0.7696
0.7696
0.7696
0.7696
0.7696
0.7696
0.7696
0.7696
0.7379
0.7379
0.7379
0.7379
0.7379
0.7379
0.7379
0.7379
0.7379
0.7379
0.7379
0.7379
0.7379
0.7379
0.7379
0.7109
0.7109
0.7109
0.7109
0.7109
0.7109
0.7109
0.7109
0.7109
0.7109
0.7109
0.7109
0.7109
0.7109
0.7109
0.6918
0.6918
0.6918
0.6918
0.6918
0.6918
0.6918
0.6918
0.6918
0.6918
0.6918
0.6918
0.6918
0.6918
0.6918
0.6818
0.6818
0.6818
0.6818
0.6818
0.6818
0.6818
0.6818
0.6818
0.6818
0.6818
0.6818
0.6818
0.6818
0.6818
0.6805
0.6805
0.6805
0.6805
0.6805
0.6805
0.6805
0.6805
0.6805
0.6805
0.6805
0.6805
0.6805
0.6805
0.6805
0.6868
0.6868
0.6868
0.6868
0.6868
0.6868
0.6868
0.6868
0.6868
0.6868
0.6868
0.6868
0.6868
0.6868
0.6868
0.6997
0.6997
0.6997
0.6997
0.6997
0.6997
0.6997
0.6997
0.6997
0.6997
0.6997
0.6997
0.6997
0.6997
0.6997
0.7176
0.7176
0.7176
0.7176
0.7176
0.7176
0.7176
0.7176
0.7176
0.7176
0.7176
0.7176
0.7176
0.7176
0.7176
0.7375
0.7375
0.7375
0.7375
0.7375
0.7375
0.7375
0.7375
0.7375
0.7375
0.7375
0.7375
0.7375
0.7375
0.7375
0.7546
0.7546
0.7546
0.7546
0.7546
0.7546
0.7546
0.7546
0.7546
0.7546
0.7546
0.7546
0.7546
0.7546
0.7546
0.7658
0.7658
0.7658
0.7658
0.7658
0.7658
0.7658
0.7658
0.7658
0.7658
0.7658
0.7658
0.7658
0.7658
0.7658
0.7675
0.7675
0.7675
0.7675
0.7675
0.7675
0.7675
0.7675
0.7675
0.7675
0.7675
0.7675
0.7675
0.7675
0.7675
0.7637
0.7637
0.7637
0.7637
0.7637
0.7637
0.7637
0.7637
0.7637
0.7637
0.7637
0.7637
0.7637
0.7637
0.7637
0.7575
0.7575
0.7575
0.7575
0.7575
0.7575
0.7575
0.7575
0.7575
0.7575
0.7575
0.7575
0.7575
0.7575
0.7575
0.7542
0.7542
0.7542
0.7542
0.7542
0.7542
0.7542
0.7542
0.7542
0.7542
0.7542
0.7542
0.7542
0.7542
0.7542
0.755
0.755
0.755
0.755
0.755
0.755
0.755
0.755
0.755
0.755
0.755
0.755
0.755
0.755
0.755
0.7558
0.7558
0.7558
0.7558
0.7558
0.7558
0.7558
0.7558
0.7558
0.7558
0.7558
0.7558
0.7558
0.7558
0.7558
0.7488
0.7488
0.7488
0.7488
0.7488
0.7488
0.7488
0.7488
0.7488
0.7488
0.7488
0.7488
0.7488
0.7488
0.7488
0.7267
0.7267
0.7267
0.7267
0.7267
0.7267
0.7267
0.7267
0.7267
0.7267
0.7267
0.7267
0.7267
0.7267
0.7267
0.6855
0.6855
0.6855
0.6855
0.6855
0.6855
0.6855
0.6855
0.6855
0.6855
0.6855
0.6855
0.6855
0.6855
0.6855
0.6302
0.6302
0.6302
0.6302
0.6302
0.6302
0.6302
0.6302
0.6302
0.6302
0.6302
0.6302
0.6302
0.6302
0.6302
0.5699
0.5699
0.5699
0.5699
0.5699
0.5699
0.5699
0.5699
0.5699
0.5699
0.5699
0.5699
0.5699
0.5699
0.5699
0.5129
0.5129
0.5129
0.5129
0.5129
0.5129
0.5129
0.5129
0.5129
0.5129
0.5129
0.5129
0.5129
0.5129
0.5129
0.4663
0.4663
0.4663
0.4663
0.4663
0.4663
0.4663
0.4663
0.4663
0.4663
0.4663
0.4663
0.4663
0.4663
0.4663
0.4301
0.4301
0.4301
0.4301
0.4301
0.4301
0.4301
0.4301
0.4301
0.4301
0.4301
0.4301
0.4301
0.4301
0.4301
0.4047
0.4047
0.4047
0.4047
0.4047
0.4047
0.4047
0.4047
0.4047
0.4047
0.4047
0.4047
0.4047
0.4047
0.4047
0.3885
0.3885
0.3885
0.3885
0.3885
0.3885
0.3885
0.3885
0.3885
0.3885
0.3885
0.3885
0.3885
0.3885
0.3885
0.381
0.381
0.381
0.381
0.381
0.381
0.381
0.381
0.381
0.381
0.381
0.381
0.381
0.381
0.381
0.379
0.379
0.379
0.379
0.379
0.379
0.379
0.379
0.379
0.379
0.379
0.379
0.379
0.379
0.379
0.379
0.379
0.379
0.379
0.379
0.379
0.379
0.379
0.379
0.379
0.379
0.379
0.379
0.379
0.379
0.3769
0.3769
0.3769
0.3769
0.3769
0.3769
0.3769
0.3769
0.3769
0.3769
0.3769
0.3769
0.3769
0.3769
0.3769
0.371
0.371
0.371
0.371
0.371
0.371
0.371
0.371
0.371
0.371
0.371
0.371
0.371
0.371
0.371
0.3627
0.3627
0.3627
0.3627
0.3627
0.3627
0.3627
0.3627
0.3627
0.3627
0.3627
0.3627
0.3627
0.3627
0.3627
0.3536
0.3536
0.3536
0.3536
0.3536
0.3536
0.3536
0.3536
0.3536
0.3536
0.3536
0.3536
0.3536
0.3536
0.3536
0.3461
0.3461
0.3461
0.3461
0.3461
0.3461
0.3461
0.3461
0.3461
0.3461
0.3461
0.3461
0.3461
0.3461
0.3461
0.3415
0.3415
0.3415
0.3415
0.3415
0.3415
0.3415
0.3415
0.3415
0.3415
0.3415
0.3415
0.3415
0.3415
0.3415
0.3399
0.3399
0.3399
0.3399
0.3399
0.3399
0.3399
0.3399
0.3399
0.3399
0.3399
0.3399
0.3399
0.3399
0.3399
0.3394
0.3394
0.3394
0.3394
0.3394
0.3394
0.3394
0.3394
0.3394
0.3394
0.3394
0.3394
0.3394
0.3394
0.3394
0.3382
0.3382
0.3382
0.3382
0.3382
0.3382
0.3382
0.3382
0.3382
0.3382
0.3382
0.3382
0.3382
0.3382
0.3382
0.3353
0.3353
0.3353
0.3353
0.3353
0.3353
0.3353
0.3353
0.3353
0.3353
0.3353
0.3353
0.3353
0.3353
0.3353
0.3307
0.3307
0.3307
0.3307
0.3307
0.3307
0.3307
0.3307
0.3307
0.3307
0.3307
0.3307
0.3307
0.3307
0.3307
0.324
0.324
0.324
0.324
0.324
0.324
0.324
0.324
0.324
0.324
0.324
0.324
0.324
0.324
0.324
