0.0
0.0
0.0
0.0
0.0
0.0
0.0
0.0
0.0
0.0
0.0
0.0
0.0
0.0
0.0
0.0
0.0
0.0
0.0
0.0
0.0
0.0
0.0
0.0
0.0
0.0
0.0
0.0
0.0
0.0
0.0
0.0
0.0
0.0
0.0
0.0
0.0
0.0
0.0
0.0
0.0
0.0
0.0
0.0
0.0
0.0
0.0
0.0
0.0
0.0
0.0
0.0
0.0
0.0
0.0
0.0
0.0
0.0
0.0
0.0
0.0
0.0
0.0
0.0
0.0
0.0
0.0
0.0
0.0
0.0
0.0
0.0
0.0
0.0
0.0
0.0
0.0
0.0
0.0
0.0
0.0
0.0
0.0
0.0
0.0
0.0
0.0
0.0
0.0
0.0
0.0
0.0
0.0
0.0
0.0
0.0
0.0
0.0
0.0
0.0
0.0
0.0
0.0
0.0
0.0
0.0
0.0
0.0
0.0
0.0
0.0
0.0
0.0
0.0
0.0
0.0
0.0
0.0
0.0
0.0
0.0
0.0
0.0
0.0
0.0
0.0
0.0
0.0
0.0
0.0
0.0
0.0
0.0
0.0
0.0
0.0
0.0
0.0
0.0
0.0
0.0
0.0
0.0
0.0
0.0
0.0
0.0
0.0
0.0
0.0
0.0
0.0
0.0
0.0
0.0
0.0
0.0
0.0
0.0
0.0
0.0
0.0
0.0
0.0
0.0
0.0
0.0
0.0
0.0
6.327497721703017e-05
0.00024956865372451596
0.0005599117301174175
0.0009953827613583355
0.0015571013481102802
0.0022462215722673816
0.003063926086039098
0.003948145772673154
0.004840361144021114
0.005740779769772196
0.006649571531078574
0.007566872084949081
0.008492786120790024
0.009427390876263033
0.010370739078636173
0.011322861754145682
0.012283770816828373
0.01325346143750034
0.014231914111436058
0.015219096886997293
0.01621496685930529
0.01721947184756431
0.01823255181432016
0.019254140130961973
0.02028416470356097
0.02132254906981006
0.0223692129720349
0.023424073435357285
0.024487045340878047
0.025558042016879966
0.026636975751106566
0.027723758235461887
0.028818300845194256
0.029920515381406786
0.0310303137197097
0.03214760847228455
0.03327231307929865
0.03440434197348622
0.0355436107155313
0.03669003610537232
0.03784353616092779
0.03900403051309502
0.04017144013211056
0.0413456874720488
0.04252669649620638
0.04371439269013553
0.0449087030669783
0.04610955628113745
0.047316882264271096
0.04853061256363808
0.04975068020278357
0.05097701965848571
0.052209566832569936
0.05344825902119246
0.05469303476622
0.055943834173214156
0.05720059864809638
0.05846327061125922
0.059731793827534
0.06100611324875176
0.06228617497678047
0.06357192622841622
0.06486331529851012
0.06616029140225411
0.06746280500785999
0.06877080743503068
0.07008425094466203
0.07140308870541484
0.07272727476109321
0.07405676400095487
0.07539151225771262
0.07673147589054047
0.07807661214553277
0.07942687899692381
0.08078223512177979
0.08214263987352287
0.08350805325807326
0.0848784357791054
0.08625374893759948
0.08763395441975583
0.08901901460552784
0.09040889241530582
0.09180355128910062
0.09320295516654165
0.09460706846937769
0.09601585594873643
0.0974292830709858
0.09884731559895223
0.10026991970895006
0.10169706197658329
0.1031287093612848
0.1045648291933047
0.10600538929960056
0.10745035756930922
0.10889970236336281
0.11035339236066216
0.11181139654802243
0.11327368420820792
0.11474022490847038
0.11621098835150674
0.11768594478432137
0.11916506471343527
0.1206483186055032
0.12213567730697608
0.12362711189371738
0.1251225936620507
0.12662209412211692
0.1281255849891259
0.12963303803304718
0.131144425501635
0.13265971968365126
0.13417889304671352
0.135701918230237
0.13722876803864056
0.13875941543716622
0.14029383369296194
0.14183199592612394
0.14337387554979064
0.14491944611482185
0.1464686813066275
0.14802155493970218
0.14957804095442317
0.15113811326323154
0.15270174634308287
0.1542689143323177
0.15583959162901603
0.157413752737012
0.1589913722614676
0.16057242490452356
0.13831062149662005
0.13989846470680975
0.1414896656966287
0.14308419952763002
0.14468204134253546
0.14628316636360825
0.1478875498894712
0.1733414312585461
0.1749522581381265
0.1765662698498754
0.17818344197219121
0.17980375014717095
0.18142717007702064
0.15620432023273687
0.15783389101727743
0.15946650085683275
0.1611021258342324
0.16274074208470518
0.16438232547671075
0.16602685208465068
0.19452365531843757
0.1961739967567412
0.1978272098943711
0.19948327097478163
0.20114215612211506
0.20280384181229888
0.2044683043985821
0.20613552026719062
0.2078054658371847
0.20947811755804618
0.2111534519078139
0.21283144555373368
0.2145120748648696
0.21619531639871234
0.21788114673579068
0.2195695424779134
0.2212604802482158
0.22295393668899324
0.22464988829975688
0.2263483120854997
0.2280491845758336
0.2297524824797898
0.2314581825195621
0.23316626143073035
0.2348766959602287
0.236589462864307
0.23830453874438104
0.2400219005381122
0.24174152502686672
0.24346338899793124
0.24518746924258653
0.24691374255641904
0.24864218573740837
0.2503727757537028
0.25210548923916737
0.25384030299474225
0.2555771938202348
0.2573161385128711
0.25905711386772257
0.2608000966758179
0.26254506355531904
0.2642919914531104
0.2660408573096803
0.26779163772200226
0.2695443094467748
0.2712988492301144
0.27305523380801794
0.2748134399045336
0.2765734442317537
0.278335223320769
0.28009875402414747
0.28186401301133895
0.2836309769353105
0.2853996224330416
0.2871699261236958
0.2889418646072548
0.2907154146345334
0.2924905525937009
0.29426725502420936
0.29604549844271677
0.2978252593418006
0.29960651419042406
0.3013892394321428
0.303173411314686
0.3049590065731977
0.3067460013986481
0.30853437212632595
0.3103240950615935
0.3121151464804726
0.3139075026277436
0.3157011397151465
0.3174960337493799
0.28127547869804265
0.28307281537111667
0.28487133749426347
0.2866710211050508
0.2884718422039766
0.29027377675258026
0.29207680084802073
0.3318975725481922
0.3337027029950968
0.3355088503371705
0.3373159903297404
0.3391240986850531
0.34093315107038696
0.34274312293257564
0.3445539900195954
0.3463657280310109
0.3481783122705025
0.34999171816626445
0.3518059210948577
0.30232534463035116
0.30414106754766834
0.3059575133146528
0.3077746569225614
0.3095924736541956
0.31141093856205787
0.3132300266406253
0.36634526457811684
0.3147900175951921
0.3166108245676744
0.3184321542709059
0.32025398122103976
0.3220762800476618
0.3238990253152457
0.3257221915216488
0.3330626482672992
0.3348865795780391
0.3367108547431496
0.3385354483393575
0.340360334344747
0.34218548684176925
0.28724708269787474
0.33693130111715175
0.3387570968481827
0.3405830546596646
0.3424091480822869
0.34423535091950314
0.3460616367203756
0.40465177609478975
0.40647814814543
0.4083045233170568
0.4101308748284553
0.41195717599016474
0.41378339967415656
0.41560951884091446
0.41743550636238025
0.41926133502032825
0.4210869775066599
0.4229124064212705
0.4247375940945055
0.4265625131141816
0.4283871359708874
0.4302114347096094
0.4320353814526582
0.4338589482222936
0.4356821069410189
0.4223728285100794
0.4241950864864404
0.42601685139108564
0.42783809490814695
0.4296587884406969
0.43147890328382027
0.36845748974538256
0.3854083615807573
0.387226567037506
0.3234248357694389
0.3252416229254064
0.26092010677629196
0.2627353579548166
0.3293907176685482
0.32189528912366583
0.3237080139654228
0.3911390790351287
0.35939496543918714
0.4273424442743055
0.4291513805092731
0.4309592937389151
0.4420751786748492
0.44388095397980165
0.44568561410715063
0.4810441324630071
0.4828464689705112
0.4846475969429369
0.4864474849927883
0.4882461015958361
0.4900434150888811
0.49183939366986257
0.49363400556803355
0.4954272185262338
0.49721900031758764
0.49900931856921915
0.500798140763385
0.5025854342337601
0.5043711661670034
0.5061553034280953
0.507937813074491
0.5097186620092246
0.5114978166405301
0.5132752433928257
0.5150509085352472
0.5168247781779592
0.5185968182727889
0.5203669946105143
0.522135272651892
0.5239016180357332
0.4498158258256859
0.4515782016394461
0.4533385402089927
0.45509680633909266
0.45685296466599656
0.45860697982161536
0.4603588159311183
0.537958607355017
0.5397059775615717
0.5414510605626869
0.5431938199533981
0.5449342191516487
0.5443006809338682
0.4669498655643622
0.46868296289850137
0.4496257432985235
0.4513537865057381
0.45307924623341767
0.4548020846244769
0.4588938039296567
0.5396976688798338
0.5414124140772847
0.5639121932438484
0.565621350349277
0.5673276550143315
0.5690310680514649
0.570731550079547
0.5724290616844624
0.5741235629312808
0.5758150138518638
0.5775033742788959
0.5791886038467997
0.5808706619899777
0.5825495079432981
0.5441460597074521
0.4975567748497919
0.45157630156394185
0.45324188706354224
0.4549040535111744
0.3712034721297055
0.37285867431487285
0.41458937174814103
0.4644990232516347
0.5137928964499553
0.5154336595357749
0.5170707053401454
0.6040632772204371
0.6056927579449058
0.6073183904523634
0.5212558886042227
0.5228736924278716
0.5244875152080188
0.5260973122480813
0.4623119289052706
0.3903698492096246
0.3919672987407779
0.4812447837092448
0.4828337740585992
0.4844184662057226
0.48599881382442195
0.5529658802638914
0.6280810897789768
0.6296481246518644
0.6312106281882738
0.5417079932561287
0.5432612920772574
0.45331026536340535
0.4548541690380269
0.41210977747088745
0.41364409375283945
0.4151735437283418
0.5077586386215333
0.4961403148731161
0.509195165572869
0.4190212683073959
0.46480917827901563
0.4663084011273824
0.46780241263814093
0.4692911627199923
0.48391249594842844
0.5653499314544758
0.563805670068377
0.5652728696044628
0.5667345543343275
0.5681906730104955
0.569641174198092
0.5710860062779665
0.57252511744761
0.6686587735618406
0.6128426465222402
0.6142642822213614
0.6156799880226722
0.6170897112450066
0.6184933990396013
0.6063444677552402
0.6077359256195611
0.6663648286520514
0.5698292264287333
0.5712019387811275
0.5659970444709775
0.5673569910797659
0.5822570043914652
0.5836039687701766
0.5849443607464575
0.60435544688476
0.6056825301764753
0.5139533551016514
0.5017770265264659
0.4556393938637742
0.45693920182257797
0.3811566481296286
0.46227978297427685
0.4635585550305001
0.5644509770029952
0.5792053320333447
0.627906910808176
0.629156857764463
0.7074748641305191
0.7087100640077506
0.7099378063861427
0.7111580352549463
0.7123706945537337
0.6246630433907789
0.5540471255923021
0.5552367392921547
0.5564185588029602
0.49272290173416117
0.4938889643090099
0.49504706400999005
0.5851098293903867
0.6580651042562142
0.5552793227541003
0.5534027061378141
0.6193897744110504
0.5161110609949028
0.4626162783054756
0.3590147385731122
0.36009864433677846
0.4650936813780993
0.4691627860518205
0.47022095274404496
0.5756582837316226
0.6312945812804095
0.7370204217244813
0.6321753256211106
0.6331894826537469
0.6341946721433139
0.6351908391100344
0.6361779290207421
0.6371558872242417
0.638124659337631
0.7256579780022873
0.7266082155347836
0.7275491049754584
0.7284805927394626
0.7294026253741268
0.6228424408949119
0.5161478283374508
0.5363355568990553
0.5372192406131547
0.5380932062025611
0.5389574018647215
0.4881290709513728
0.5964462815752013
0.7048784357154019
0.7057030398032103
0.7065176196060726
0.5985538466580016
0.5993482286541044
0.651815143002986
0.5591269921071952
0.5598907098671985
0.5606441097741797
0.4519864146507644
0.5614873152619628
0.5622094780942267
0.5605847087766239
0.6547479535145365
0.6554384632289529
0.5461394120079024
0.656209324471084
0.6568677778705456
0.6575154585400078
0.6604887504444278
0.5506964459784776
0.5513115539943846
0.6057720441764123
0.5527392865373628
0.5533214516654962
0.5107532757425313
0.5113132809821048
0.6222804605638537
0.6228181531174998
0.6794672305843761
0.7336084067379127
0.7341123550107859
0.7777442648421512
0.6992452302289432
0.6471432027708407
0.5640377595332728
0.5644847768029273
0.4533064458252584
0.45373046513304943
0.45414293997733657
0.5335241516983905
0.4933240687858825
0.5772656497814153
0.4857517980796777
0.4857517980796777
0.3740823113602201
0.37441319571351944
0.26263745381080034
0.3561060974488066
0.28594694873285686
0.37811052865187916
0.49035059227803857
0.6026227032967978
0.6028708247660136
0.7152019118493986
0.7154262104242695
0.7860932631383135
0.7862936727673432
0.7864821152968866
0.7866585767741578
0.7868230441594659
0.786975505265156
0.7871159487814772
0.733828113219026
0.7339444911573136
0.6644092557414545
0.6645015334889064
0.6645817503841519
0.664649900451632
0.5521514455112956
0.49984911417514044
0.49988103688806973
0.5695404449985859
0.5695482027499162
0.5695438767097147
0.5695274672119092
0.5695274672119092
0.6752494798754878
0.6751968310140047
0.5948063464989743
0.5947295562495318
0.48218674509926107
0.48208583640778496
0.594498920714752
0.5551131008032915
0.5549760731072806
0.6277678942185914
0.5824833000697806
0.694764203418941
0.6945791637900063
0.6943821532480924
0.7334340092336143
0.6434481573206269
0.6506002181479049
0.68219413408362
0.6819375046616178
0.681669004557228
0.6813886534010084
0.6810964717133167
0.6587169767677081
0.6584011987737249
0.6713585373543028
0.5593342634271445
0.5589832650059399
0.5586205760697819
0.558246222693518
0.558246222693518
0.5578486218321738
0.5574394394461234
0.5574394394461234
0.5570071821837989
0.5565634329924323
0.556108223252801
0.6670960422187631
0.6450460470172472
0.6445566507183266
0.7062258526324218
0.7057138347761076
0.7051905590551504
0.704656061490115
0.5936682425241528
0.5597468374823901
0.5591788976686649
0.6076942171108956
0.6054125853049092
0.5719579626195619
0.5713459768241016
0.6811652169255816
0.6592932744669268
0.6586486824305934
0.6579933062022808
0.6590187782590838
0.6772776771978855
0.6765902093848781
0.6758921331084762
0.6423427783918192
0.6416236211754397
0.6408939924182434
0.5636829042750897
0.576850347323629
0.57608958511583
0.5753185402002028
0.6835526891911076
0.6827612239379831
0.6819596219152334
0.7576189669365425
0.7419180340215811
0.7410863195906373
0.6418961834620796
0.5603574180726371
0.5594960454555916
0.558624889191052
0.45074722526797445
0.46473586312416276
0.39024331498323406
0.41664674035885807
0.4964146751359855
0.389159302644712
0.38822112454599333
0.49427035985251194
0.4933135108348229
0.565939759625456
0.6359997440722848
0.635015293887693
0.7403483622331678
0.7393457833814934
0.6697627726853974
0.563854188699514
0.5628248286746713
0.5617866519459327
0.45630778375193476
0.4552521399950326
0.35006613886189797
0.4175647001486056
0.5213713689143088
0.41663409512601335
0.33189727810871256
0.33189727810871256
0.2645092212808297
0.36750764704921773
0.26354286115208764
0.15973619238638448
0.1644987750062055
0.1446503761488989
0.24681186639556307
0.31191324704160134
0.3107337283339505
0.41237970245036637
0.501576056000264
0.49681347338044296
0.597934180279733
0.5967161783010514
0.59549064807435
0.5942576456293943
0.5930172270573054
0.5540765264057859
0.6541183091105021
0.5529976022112119
0.4520541139432296
0.45077745148043913
0.44949370716889653
0.44820293632255925
0.4968737204373809
0.3968319377326646
0.3968319377326646
0.4748189993061041
0.3753304435888676
0.27602828328462875
0.17691349858663902
0.07798706157343943
0.17537265531952975
0.2725615024088249
0.19457444083538541
0.29136711849653535
0.33186370169355206
0.42825669265932004
0.5244485402988648
0.5230527942980425
0.5216509460258394
0.6172342543902783
0.6158203606015104
0.5753237774044937
0.5738980490199842
0.5724664818662545
0.5710291282957719
0.5695860403435996
0.5681372698645522
0.47275848599217024
0.5064997341400124
0.5050342253803527
0.5035632398136909
0.5020868282253342
0.5006050412046694
0.49911792943606553
0.5915499258043154
0.650024519334788
0.6485217346098364
0.5688572841934704
0.47578120160704174
0.4742631918365526
0.4727402055706181
0.47121229175395163
0.46967949912680373
0.37768053003015634
0.45429466632494897
0.5443106259706255
0.5427588012399719
0.5412023383063377
0.5396412846672035
0.5380756876107752
0.6269669404106436
0.6253923975452585
0.6238134518667668
0.5393733368033808
0.537785724626512
0.5361938483456614
0.5345977537741811
0.4457065009743125
0.44410210641726916
0.44249362974310547
0.5237379290908775
0.4357575643505272
0.3480064117189285
0.3463820543083748
0.4320448230554114
0.3449847796802598
0.34334897565992734
0.34170944337415415
0.34170944337415415
0.3644726588673617
0.3628222005164863
0.2878168888697719
0.37158737135829356
0.3699263710702379
0.32850315095038807
0.4115559746854136
0.388792759192206
0.3871182906485703
0.376460833548248
0.37477987905685756
0.37309574292815506
0.41116725599957205
0.4094768782637887
0.4905961158995791
0.48889965761698495
0.5695312408219877
0.5678288611475611
0.48598126429163063
0.48427312097472885
0.40291067497548666
0.4011969242156947
0.3994804276640141
0.3977612239618066
0.3960393513946547
0.3960393513946547
0.38569946608039574
0.3958922867866585
0.3941601178810007
0.39242546890876795
0.3135130894059727
0.3117735911433996
0.3117735911433996
0.31864218013688766
0.38462469135009925
0.30695137337975875
0.22952690406807327
0.22952690406807327
0.22777158433034386
0.30269009297278693
0.23261875313634695
0.23085718993880194
0.30501817775612944
0.37892611726801
0.3951188965940084
0.3300393783526855
0.32826810855056315
0.3948068233685274
0.39303191191821635
0.3912552306254946
0.38947681326812467
0.3732840339421263
0.36319309442819897
0.36140966997991864
0.35962464302257785
0.35521280503366454
0.2828284985090589
0.2810388614704909
0.2810388614704909
0.35086558556614283
0.34907163167238914
0.347276303213706
0.34810487370448373
0.41245074189314646
0.4106514810793358
0.46653644247445125
0.46473471814606343
0.46293180889306135
0.4221936649626336
0.35313807518915097
0.3557841215485297
0.35397678353632456
0.3645663460446117
0.3627569779684647
0.36094664066278004
0.34818116192713744
0.4136193806290569
0.4118063159575489
0.4099924021512857
0.34351787824788305
0.3417023553411338
0.33988607223218253
0.32407688067713336
0.3222591654518961
0.32044077790733444
0.25552140542367063
0.25552140542367063
0.2537011748805744
0.25188038762245973
0.27244559384792116
0.2706237787619131
0.2688014925265627
0.2688014925265627
0.2688014925265627
0.20622161428529107
0.20439772554627234
0.24406744564422322
0.24224292367253683
0.24041812643768518
0.24041812643768518
0.29960986371095977
0.3379405199411964
0.3361148975736644
0.33428913726269815
0.3324632661624835
0.2727498873007139
0.2727498873007139
0.270923846050501
0.23259318982026442
0.1952148089011579
0.19338883858088485
0.19156294512516198
0.19156294512516198
0.24736384108260454
0.24553833657833601
0.24553833657833601
0.2792655831055725
0.22268238741339944
0.16635998555034912
0.16635998555034912
0.16453596572191614
0.10899577420312291
0.1624519807253197
0.16062905245731818
0.16062905245731818
0.21330476314086877
0.26572045864444266
0.26389934389706926
0.3157952558040293
0.29381805703247804
0.29199856845110983
0.343115475608607
0.3412971969449299
0.3394795608021791
0.2873237994205429
0.2855075229803538
0.2928083752197509
0.29099355806407323
0.2398766509065761
0.23806339200592727
0.23625094921565556
0.2847781398454536
0.2829674031604788
0.29219828750023225
0.29038935452396464
0.33788421688608106
0.3360771853633606
0.33427114104196465
0.3324661081780415
0.2841972093962453
0.2823942722181236
0.2805924190106256
0.27879167386285636
0.27699206082327665
0.2751936039015719
0.22847144613569692
0.27314027491881915
0.2713454298671685
0.26955183660577464
0.2677595189636639
0.26596850073801076
0.26417880569311014
0.30731533849704734
0.3055283609818337
0.30374277792629156
0.3019586126309226
0.30017588888300145
0.2983946302716524
0.2966148603588929
0.25347832755495564
0.251701605626284
0.2499264429357299
0.24815286312155357
0.24638088945775555
0.2446105453676918
0.24284185425624816
0.2824331146353284
0.28066779961908084
0.2789042076845288
0.27714236199568487
0.2753822860401581
0.27362400312162327
0.2718675365301068
0.2701129095433998
0.26836014542652126
0.2666092674335875
0.2648602989783319
0.26311326312691047
0.2613681829406344
0.2596250818063822
0.25788398293754494
0.25614490954310976
0.25440788482718785
0.25267293199092067
0.2509400742325288
0.2492093349147455
0.24748073706698417
0.24575430388583827
0.24403005856980192
0.24230802431890927
0.20695425178491464
0.20523670927966875
0.20352144730187582
0.20180848923725012
0.20009785831301458
0.1983895777655767
0.19668367084204633
0.22861413335170733
0.195224543261776
0.1935258969689982
0.1918297172437139
0.19013602756173265
0.1884448512522128
0.18675621166264178
0.18507013215870116
0.21507513632578584
0.2133942471737281
0.21171598849553452
0.21004038358408508
0.20836745591981626
0.20669722901013357
0.2050297263917201
0.20336497163062917
0.20170298832463732
0.20004379994448188
0.19838743031384456
0.1967339031330207
0.19508324213983566
0.193435471111686
0.1650952217056922
0.16345330210222378
0.16181434420463206
0.16017837180453376
0.1585454087458107
0.1569154792330001
0.15528860736638256
0.1803602094612874
0.17873952540794016
0.17712197163587015
0.17550757247435486
0.17389635247029978
0.1722883359248803
0.1706835473624318
0.16908201137762116
0.16748375263673426
0.1658887958812071
0.16429716593070365
0.16270888753459312
0.161123985829515
0.15954248588517228
0.1579644128614339
0.15638979201194614
0.15481864868616937
0.15325100833367886
0.15168689665794546
0.15012633901690658
0.1485693613306132
0.14701598948385056
0.1454662494806032
0.1439201674470405
0.14237776963675594
0.1408390824361347
0.13930413251698995
0.13777294639443077
0.13624555087891452
0.13472197293284086
0.13320223967680536
0.1316863783940581
0.13017441653718811
0.1286663815890685
0.1271623015028073
0.125662204275098
0.12416611809752136
0.12267407136406476
0.12118609267731532
0.11970221085696094
0.11822245509174921
0.11674685451627279
0.11527543851201198
0.11380823699062066
0.112345279983756
0.11088659779398209
0.10943222100367984
0.10798218048674336
0.10653650741760076
0.10509523342327214
0.10365839017652918
0.10222600982732857
0.10079812487603881
0.09937476818559945
0.09795597299616612
0.09654177293987166
0.0951322019220307
0.09372729453869866
0.09232708568849708
0.09093161072568016
0.0895409054780487
0.08815500626399285
0.0867739499121322
0.08539777391375018
0.08402651591134482
0.08266021451498518
0.08129890879640365
0.07994263844346287
0.07859144378264354
0.07724536580420961
0.07590444618822415
0.0745687274600763
0.07323825262634898
0.071913065594043
0.07059321106910532
0.06927873458684146
0.0679696825413348
0.06666610221751555
0.0653680416990904
0.06407555027273187
0.06278867809060786
0.06150747632849445
0.06023199722098245
0.05896229409585208
0.057698421410460124
0.05644043491118806
0.05518839129897223
0.046766871786166495
0.04552688929074971
0.04429302772192698
0.04306534906344967
0.041843916672318814
0.04062879531000226
0.03942005117006455
0.04539322875344282
0.04419744360766946
0.04300824309316884
0.04182569934692971
0.04064988602150712
0.039480878282501554
0.03831875280013862
0.03716358762037421
0.0360154624591907
0.03487445832949373
0.03374065758915735
0.03261414386170235
0.031495001936348015
0.030383317642528294
0.029279177807080885
0.028182669640466316
0.027093881155660884
0.026012900489459437
0.024939815700485105
0.02387471441328646
0.022817683402978742
0.021768808116043606
0.020728172221215042
0.01969585666440979
0.016438518586874493
0.013331043963498825
0.012324139070452324
0.011325837479408924
0.010336194606368008
0.00935525717622974
0.008383061997361585
0.009653054680404553
0.010790434307108118
0.009844558973551708
0.008907435480589804
0.007979021119582293
0.007059250179820037
0.006148030767500087
0.00524524187575043
0.004350730218522125
0.0034643064642283805
0.002588438887052717
0.0018414988398698351
0.001222293660830989
0.0007296566708362909
0.00036245287954297993
0.0001195849100677204
0.0
0.0
0.0
0.0
0.0
0.0
0.0
0.0
0.0
0.0
0.0
0.0
0.0
0.0
0.0
0.0
0.0
0.0
0.0
0.0
0.0
0.0
0.0
0.0
0.0
0.0
0.0
0.0
0.0
0.0
0.0
0.0
0.0
0.0
0.0
0.0
0.0
0.0
0.0
0.0
0.0
0.0
0.0
0.0
0.0
0.0
0.0
0.0
0.0
0.0
0.0
0.0
0.0
0.0
0.0
0.0
0.0
0.0
0.0
0.0
0.0
0.0
0.0
0.0
0.0
0.0
0.0
0.0
0.0
0.0
0.0
0.0
0.0
0.0
0.0
0.0
0.0
0.0
0.0
0.0
0.0
0.0
0.0
0.0
0.0
0.0
0.0
0.0
0.0
0.0
0.0
0.0
0.0
0.0
0.0
0.0
0.0
0.0
0.0
0.0
0.0
0.0
0.0
0.0
0.0
0.0
0.0
0.0
0.0
0.0
0.0
0.0
0.0
0.0
0.0
0.0
0.0
0.0
0.0
0.0
0.0
0.0
0.0
0.0
0.0
0.0
