0.39654
0.39654
0.39654
0.39654
0.39654
0.39654
0.39654
0.39654
0.39654
0.39654
0.39654
0.39654
0.39654
0.39654
0.39654
0.35785
0.35785
0.35785
0.35785
0.35785
0.35785
0.35785
0.35785
0.35785
0.35785
0.35785
0.35785
0.35785
0.35785
0.35785
0.32187
0.32187
0.32187
0.32187
0.32187
0.32187
0.32187
0.32187
0.32187
0.32187
0.32187
0.32187
0.32187
0.32187
0.32187
0.29064
0.29064
0.29064
0.29064
0.29064
0.29064
0.29064
0.29064
0.29064
0.29064
0.29064
0.29064
0.29064
0.29064
0.29064
0.26416999999999996
0.26416999999999996
0.26416999999999996
0.26416999999999996
0.26416999999999996
0.26416999999999996
0.26416999999999996
0.26416999999999996
0.26416999999999996
0.26416999999999996
0.26416999999999996
0.26416999999999996
0.26416999999999996
0.26416999999999996
0.26416999999999996
0.2446
0.2446
0.2446
0.2446
0.2446
0.2446
0.2446
0.2446
0.2446
0.2446
0.2446
0.2446
0.2446
0.2446
0.2446
0.2308
0.2308
0.2308
0.2308
0.2308
0.2308
0.2308
0.2308
0.2308
0.2308
0.2308
0.2308
0.2308
0.2308
0.2308
0.22186
0.22186
0.22186
0.22186
0.22186
0.22186
0.22186
0.22186
0.22186
0.22186
0.22186
0.22186
0.22186
0.22186
0.22186
0.21597
0.21597
0.21597
0.21597
0.21597
0.21597
0.21597
0.21597
0.21597
0.21597
0.21597
0.21597
0.21597
0.21597
0.21597
0.21224
0.21224
0.21224
0.21224
0.21224
0.21224
0.21224
0.21224
0.21224
0.21224
0.21224
0.21224
0.21224
0.21224
0.21224
0.20964000000000002
0.20964000000000002
0.20964000000000002
0.20964000000000002
0.20964000000000002
0.20964000000000002
0.20964000000000002
0.20964000000000002
0.20964000000000002
0.20964000000000002
0.20964000000000002
0.20964000000000002
0.20964000000000002
0.20964000000000002
0.20964000000000002
0.20861999999999997
0.20861999999999997
0.20861999999999997
0.20861999999999997
0.20861999999999997
0.20861999999999997
0.20861999999999997
0.20861999999999997
0.20861999999999997
0.20861999999999997
0.20861999999999997
0.20861999999999997
0.20861999999999997
0.20861999999999997
0.20861999999999997
0.20704
0.20704
0.20704
0.20704
0.20704
0.20704
0.20704
0.20704
0.20704
0.20704
0.20704
0.20704
0.20704
0.20704
0.20704
0.20545
0.20545
0.20545
0.20545
0.20545
0.20545
0.20545
0.20545
0.20545
0.20545
0.20545
0.20545
0.20545
0.20545
0.20545
0.20432
0.20432
0.20432
0.20432
0.20432
0.20432
0.20432
0.20432
0.20432
0.20432
0.20432
0.20432
0.20432
0.20432
0.20432
0.20274
0.20274
0.20274
0.20274
0.20274
0.20274
0.20274
0.20274
0.20274
0.20274
0.20274
0.20274
0.20274
0.20274
0.20274
0.20274
0.20274
0.20274
0.20274
0.20274
0.20274
0.20274
0.20274
0.20274
0.20274
0.20274
0.20274
0.20274
0.20274
0.20274
0.2033
0.2033
0.2033
0.2033
0.2033
0.2033
0.2033
0.2033
0.2033
0.2033
0.2033
0.2033
0.2033
0.2033
0.2033
0.20545
0.20545
0.20545
0.20545
0.20545
0.20545
0.20545
0.20545
0.20545
0.20545
0.20545
0.20545
0.20545
0.20545
0.20545
0.20806
0.20806
0.20806
0.20806
0.20806
0.20806
0.20806
0.20806
0.20806
0.20806
0.20806
0.20806
0.20806
0.20806
0.20806
0.21179
0.21179
0.21179
0.21179
0.21179
0.21179
0.21179
0.21179
0.21179
0.21179
0.21179
0.21179
0.21179
0.21179
0.21179
0.21654
0.21654
0.21654
0.21654
0.21654
0.21654
0.21654
0.21654
0.21654
0.21654
0.21654
0.21654
0.21654
0.21654
0.21654
0.22819
0.22819
0.22819
0.22819
0.22819
0.22819
0.22819
0.22819
0.22819
0.22819
0.22819
0.22819
0.22819
0.22819
0.22819
0.25251999999999997
0.25251999999999997
0.25251999999999997
0.25251999999999997
0.25251999999999997
0.25251999999999997
0.25251999999999997
0.25251999999999997
0.25251999999999997
0.25251999999999997
0.25251999999999997
0.25251999999999997
0.25251999999999997
0.25251999999999997
0.25251999999999997
0.2954
0.2954
0.2954
0.2954
0.2954
0.2954
0.2954
0.2954
0.2954
0.2954
0.2954
0.2954
0.2954
0.2954
0.2954
0.36
0.36
0.36
0.36
0.36
0.36
0.36
0.36
0.36
0.36
0.36
0.36
0.36
0.36
0.36
0.4384
0.4384
0.4384
0.4384
0.4384
0.4384
0.4384
0.4384
0.4384
0.4384
0.4384
0.4384
0.4384
0.4384
0.4384
0.51884
0.51884
0.51884
0.51884
0.51884
0.51884
0.51884
0.51884
0.51884
0.51884
0.51884
0.51884
0.51884
0.51884
0.51884
0.59034
0.59034
0.59034
0.59034
0.59034
0.59034
0.59034
0.59034
0.59034
0.59034
0.59034
0.59034
0.59034
0.59034
0.59034
0.64374
0.64374
0.64374
0.64374
0.64374
0.64374
0.64374
0.64374
0.64374
0.64374
0.64374
0.64374
0.64374
0.64374
0.64374
0.68028
0.68028
0.68028
0.68028
0.68028
0.68028
0.68028
0.68028
0.68028
0.68028
0.68028
0.68028
0.68028
0.68028
0.68028
0.70257
0.70257
0.70257
0.70257
0.70257
0.70257
0.70257
0.70257
0.70257
0.70257
0.70257
0.70257
0.70257
0.70257
0.70257
0.7136600000000001
0.7136600000000001
0.7136600000000001
0.7136600000000001
0.7136600000000001
0.7136600000000001
0.7136600000000001
0.7136600000000001
0.7136600000000001
0.7136600000000001
0.7136600000000001
0.7136600000000001
0.7136600000000001
0.7136600000000001
0.7136600000000001
0.71682
0.71682
0.71682
0.71682
0.71682
0.71682
0.71682
0.71682
0.71682
0.71682
0.71682
0.71682
0.71682
0.71682
0.71682
0.7136600000000001
0.7136600000000001
0.7136600000000001
0.7136600000000001
0.7136600000000001
0.7136600000000001
0.7136600000000001
0.7136600000000001
0.7136600000000001
0.7136600000000001
0.7136600000000001
0.7136600000000001
0.7136600000000001
0.7136600000000001
0.7136600000000001
0.7046
0.7046
0.7046
0.7046
0.7046
0.7046
0.7046
0.7046
0.7046
0.7046
0.7046
0.7046
0.7046
0.7046
0.7046
0.69193
0.69193
0.69193
0.69193
0.69193
0.69193
0.69193
0.69193
0.69193
0.69193
0.69193
0.69193
0.69193
0.69193
0.69193
0.67609
0.67609
0.67609
0.67609
0.67609
0.67609
0.67609
0.67609
0.67609
0.67609
0.67609
0.67609
0.67609
0.67609
0.67609
0.65969
0.65969
0.65969
0.65969
0.65969
0.65969
0.65969
0.65969
0.65969
0.65969
0.65969
0.65969
0.65969
0.65969
0.65969
0.6432899999999999
0.6432899999999999
0.6432899999999999
0.6432899999999999
0.6432899999999999
0.6432899999999999
0.6432899999999999
0.6432899999999999
0.6432899999999999
0.6432899999999999
0.6432899999999999
0.6432899999999999
0.6432899999999999
0.6432899999999999
0.6432899999999999
0.63005
0.63005
0.63005
0.63005
0.63005
0.63005
0.63005
0.63005
0.63005
0.63005
0.63005
0.63005
0.63005
0.63005
0.63005
0.621
0.621
0.621
0.621
0.621
0.621
0.621
0.621
0.621
0.621
0.621
0.621
0.621
0.621
0.621
0.61523
0.61523
0.61523
0.61523
0.61523
0.61523
0.61523
0.61523
0.61523
0.61523
0.61523
0.61523
0.61523
0.61523
0.61523
0.61251
0.61251
0.61251
0.61251
0.61251
0.61251
0.61251
0.61251
0.61251
0.61251
0.61251
0.61251
0.61251
0.61251
0.61251
0.61251
0.61251
0.61251
0.61251
0.61251
0.61251
0.61251
0.61251
0.61251
0.61251
0.61251
0.61251
0.61251
0.61251
0.61251
0.61466
0.61466
0.61466
0.61466
0.61466
0.61466
0.61466
0.61466
0.61466
0.61466
0.61466
0.61466
0.61466
0.61466
0.61466
0.61941
0.61941
0.61941
0.61941
0.61941
0.61941
0.61941
0.61941
0.61941
0.61941
0.61941
0.61941
0.61941
0.61941
0.61941
0.62846
0.62846
0.62846
0.62846
0.62846
0.62846
0.62846
0.62846
0.62846
0.62846
0.62846
0.62846
0.62846
0.62846
0.62846
0.6432899999999999
0.6432899999999999
0.6432899999999999
0.6432899999999999
0.6432899999999999
0.6432899999999999
0.6432899999999999
0.6432899999999999
0.6432899999999999
0.6432899999999999
0.6432899999999999
0.6432899999999999
0.6432899999999999
0.6432899999999999
0.6432899999999999
0.66388
0.66388
0.66388
0.66388
0.66388
0.66388
0.66388
0.66388
0.66388
0.66388
0.66388
0.66388
0.66388
0.66388
0.66388
0.68616
0.68616
0.68616
0.68616
0.68616
0.68616
0.68616
0.68616
0.68616
0.68616
0.68616
0.68616
0.68616
0.68616
0.68616
0.70415
0.70415
0.70415
0.70415
0.70415
0.70415
0.70415
0.70415
0.70415
0.70415
0.70415
0.70415
0.70415
0.70415
0.70415
0.7136600000000001
0.7136600000000001
0.7136600000000001
0.7136600000000001
0.7136600000000001
0.7136600000000001
0.7136600000000001
0.7136600000000001
0.7136600000000001
0.7136600000000001
0.7136600000000001
0.7136600000000001
0.7136600000000001
0.7136600000000001
0.7136600000000001
0.71049
0.71049
0.71049
0.71049
0.71049
0.71049
0.71049
0.71049
0.71049
0.71049
0.71049
0.71049
0.71049
0.71049
0.71049
0.69725
0.69725
0.69725
0.69725
0.69725
0.69725
0.69725
0.69725
0.69725
0.69725
0.69725
0.69725
0.69725
0.69725
0.69725
0.6776800000000001
0.6776800000000001
0.6776800000000001
0.6776800000000001
0.6776800000000001
0.6776800000000001
0.6776800000000001
0.6776800000000001
0.6776800000000001
0.6776800000000001
0.6776800000000001
0.6776800000000001
0.6776800000000001
0.6776800000000001
0.6776800000000001
0.65652
0.65652
0.65652
0.65652
0.65652
0.65652
0.65652
0.65652
0.65652
0.65652
0.65652
0.65652
0.65652
0.65652
0.65652
0.6363800000000001
0.6363800000000001
0.6363800000000001
0.6363800000000001
0.6363800000000001
0.6363800000000001
0.6363800000000001
0.6363800000000001
0.6363800000000001
0.6363800000000001
0.6363800000000001
0.6363800000000001
0.6363800000000001
0.6363800000000001
0.6363800000000001
0.6184
0.6184
0.6184
0.6184
0.6184
0.6184
0.6184
0.6184
0.6184
0.6184
0.6184
0.6184
0.6184
0.6184
0.6184
0.6019899999999999
0.6019899999999999
0.6019899999999999
0.6019899999999999
0.6019899999999999
0.6019899999999999
0.6019899999999999
0.6019899999999999
0.6019899999999999
0.6019899999999999
0.6019899999999999
0.6019899999999999
0.6019899999999999
0.6019899999999999
0.6019899999999999
0.58604
0.58604
0.58604
0.58604
0.58604
0.58604
0.58604
0.58604
0.58604
0.58604
0.58604
0.58604
0.58604
0.58604
0.58604
0.57122
0.57122
0.57122
0.57122
0.57122
0.57122
0.57122
0.57122
0.57122
0.57122
0.57122
0.57122
0.57122
0.57122
0.57122
0.55855
0.55855
0.55855
0.55855
0.55855
0.55855
0.55855
0.55855
0.55855
0.55855
0.55855
0.55855
0.55855
0.55855
0.55855
0.54791
0.54791
0.54791
0.54791
0.54791
0.54791
0.54791
0.54791
0.54791
0.54791
0.54791
0.54791
0.54791
0.54791
0.54791
0.54214
0.54214
0.54214
0.54214
0.54214
0.54214
0.54214
0.54214
0.54214
0.54214
0.54214
0.54214
0.54214
0.54214
0.54214
0.54101
0.54101
0.54101
0.54101
0.54101
0.54101
0.54101
0.54101
0.54101
0.54101
0.54101
0.54101
0.54101
0.54101
0.54101
0.54633
0.54633
0.54633
0.54633
0.54633
0.54633
0.54633
0.54633
0.54633
0.54633
0.54633
0.54633
0.54633
0.54633
0.54633
0.55911
0.55911
0.55911
0.55911
0.55911
0.55911
0.55911
0.55911
0.55911
0.55911
0.55911
0.55911
0.55911
0.55911
0.55911
0.58185
0.58185
0.58185
0.58185
0.58185
0.58185
0.58185
0.58185
0.58185
0.58185
0.58185
0.58185
0.58185
0.58185
0.58185
0.6141
0.6141
0.6141
0.6141
0.6141
0.6141
0.6141
0.6141
0.6141
0.6141
0.6141
0.6141
0.6141
0.6141
0.6141
0.65483
0.65483
0.65483
0.65483
0.65483
0.65483
0.65483
0.65483
0.65483
0.65483
0.65483
0.65483
0.65483
0.65483
0.65483
0.702
0.702
0.702
0.702
0.702
0.702
0.702
0.702
0.702
0.702
0.702
0.702
0.702
0.702
0.702
0.75337
0.75337
0.75337
0.75337
0.75337
0.75337
0.75337
0.75337
0.75337
0.75337
0.75337
0.75337
0.75337
0.75337
0.75337
0.80677
0.80677
0.80677
0.80677
0.80677
0.80677
0.80677
0.80677
0.80677
0.80677
0.80677
0.80677
0.80677
0.80677
0.80677
0.85869
0.85869
0.85869
0.85869
0.85869
0.85869
0.85869
0.85869
0.85869
0.85869
0.85869
0.85869
0.85869
0.85869
0.85869
0.9063200000000001
0.9063200000000001
0.9063200000000001
0.9063200000000001
0.9063200000000001
0.9063200000000001
0.9063200000000001
0.9063200000000001
0.9063200000000001
0.9063200000000001
0.9063200000000001
0.9063200000000001
0.9063200000000001
0.9063200000000001
0.9063200000000001
0.9471700000000001
0.9471700000000001
0.9471700000000001
0.9471700000000001
0.9471700000000001
0.9471700000000001
0.9471700000000001
0.9471700000000001
0.9471700000000001
0.9471700000000001
0.9471700000000001
0.9471700000000001
0.9471700000000001
0.9471700000000001
0.9471700000000001
0.97783
0.97783
0.97783
0.97783
0.97783
0.97783
0.97783
0.97783
0.97783
0.97783
0.97783
0.97783
0.97783
0.97783
0.97783
0.9963799999999999
0.9963799999999999
0.9963799999999999
0.9963799999999999
0.9963799999999999
0.9963799999999999
0.9963799999999999
0.9963799999999999
0.9963799999999999
0.9963799999999999
0.9963799999999999
0.9963799999999999
0.9963799999999999
0.9963799999999999
0.9963799999999999
1.0
1.0
1.0
1.0
1.0
1.0
1.0
1.0
1.0
1.0
1.0
1.0
1.0
1.0
1.0
0.98688
0.98688
0.98688
0.98688
0.98688
0.98688
0.98688
0.98688
0.98688
0.98688
0.98688
0.98688
0.98688
0.98688
0.98688
0.95667
0.95667
0.95667
0.95667
0.95667
0.95667
0.95667
0.95667
0.95667
0.95667
0.95667
0.95667
0.95667
0.95667
0.95667
0.9142399999999999
0.9142399999999999
0.9142399999999999
0.9142399999999999
0.9142399999999999
0.9142399999999999
0.9142399999999999
0.9142399999999999
0.9142399999999999
0.9142399999999999
0.9142399999999999
0.9142399999999999
0.9142399999999999
0.9142399999999999
0.9142399999999999
0.86775
0.86775
0.86775
0.86775
0.86775
0.86775
0.86775
0.86775
0.86775
0.86775
0.86775
0.86775
0.86775
0.86775
0.86775
0.8237399999999999
0.8237399999999999
0.8237399999999999
0.8237399999999999
0.8237399999999999
0.8237399999999999
0.8237399999999999
0.8237399999999999
0.8237399999999999
0.8237399999999999
0.8237399999999999
0.8237399999999999
0.8237399999999999
0.8237399999999999
0.8237399999999999
0.78832
0.78832
0.78832
0.78832
0.78832
0.78832
0.78832
0.78832
0.78832
0.78832
0.78832
0.78832
0.78832
0.78832
0.78832
0.7591399999999999
0.7591399999999999
0.7591399999999999
0.7591399999999999
0.7591399999999999
0.7591399999999999
0.7591399999999999
0.7591399999999999
0.7591399999999999
0.7591399999999999
0.7591399999999999
0.7591399999999999
0.7591399999999999
0.7591399999999999
0.7591399999999999
0.7326600000000001
0.7326600000000001
0.7326600000000001
0.7326600000000001
0.7326600000000001
0.7326600000000001
0.7326600000000001
0.7326600000000001
0.7326600000000001
0.7326600000000001
0.7326600000000001
0.7326600000000001
0.7326600000000001
0.7326600000000001
0.7326600000000001
0.70517
0.70517
0.70517
0.70517
0.70517
0.70517
0.70517
0.70517
0.70517
0.70517
0.70517
0.70517
0.70517
0.70517
0.70517
0.67338
0.67338
0.67338
0.67338
0.67338
0.67338
0.67338
0.67338
0.67338
0.67338
0.67338
0.67338
0.67338
0.67338
0.67338
0.63797
0.63797
0.63797
0.63797
0.63797
0.63797
0.63797
0.63797
0.63797
0.63797
0.63797
0.63797
0.63797
0.63797
0.63797
0.5998399999999999
0.5998399999999999
0.5998399999999999
0.5998399999999999
0.5998399999999999
0.5998399999999999
0.5998399999999999
0.5998399999999999
0.5998399999999999
0.5998399999999999
0.5998399999999999
0.5998399999999999
0.5998399999999999
0.5998399999999999
0.5998399999999999
0.55957
0.55957
0.55957
0.55957
0.55957
0.55957
0.55957
0.55957
0.55957
0.55957
0.55957
0.55957
0.55957
0.55957
0.55957
0.51884
0.51884
0.51884
0.51884
0.51884
0.51884
0.51884
0.51884
0.51884
0.51884
0.51884
0.51884
0.51884
0.51884
0.51884
0.47753999999999996
0.47753999999999996
0.47753999999999996
0.47753999999999996
0.47753999999999996
0.47753999999999996
0.47753999999999996
0.47753999999999996
0.47753999999999996
0.47753999999999996
0.47753999999999996
0.47753999999999996
0.47753999999999996
0.47753999999999996
0.47753999999999996
0.43681000000000003
0.43681000000000003
0.43681000000000003
0.43681000000000003
0.43681000000000003
0.43681000000000003
0.43681000000000003
0.43681000000000003
0.43681000000000003
0.43681000000000003
0.43681000000000003
0.43681000000000003
0.43681000000000003
0.43681000000000003
0.43681000000000003
